0.350
0.350
0.350
0.330
0.300
0.300
0.300
0.280
0.270
0.270
0.270
0.270
0.250
0.220
0.220
0.230
0.230
0.370
0.430
0.770
0.420
0.370
0.300
0.280
0.270
0.270
0.270
0.270
0.270
0.250
0.230
0.230
0.230
0.230
0.230
0.200
0.200
0.200
0.200
0.200
0.200
0.200
0.200
0.200
0.200
0.200
0.200
0.200
0.200
0.200
0.200
0.220
0.230
0.230
0.230
0.230
0.230
0.230
0.230
0.230
0.230
0.230
0.230
0.230
0.210
0.200
0.200
0.200
0.200
0.200
0.200
0.200
0.200
0.200
0.200
0.190
0.180
0.200
0.300
0.210
0.200
0.200
0.200
0.230
0.230
0.220
0.240
0.230
0.220
0.260
0.250
0.230
0.230
0.230
0.230
0.230
0.230
0.230
0.230
0.230
0.260
0.230
0.230
0.240
0.270
0.430
0.510
0.450
0.600
0.410
0.300
0.320
0.300
0.270
0.270
0.270
0.270
0.270
0.270
0.250
0.250
0.280
0.420
0.850
1.800
0.950
1.030
3.880
4.120
3.120
1.600
1.070
0.970
0.920
0.670
0.550
0.500
0.450
0.500
0.600
0.570
0.600
0.770
2.400
1.470
1.050
0.820
0.750
0.730
0.680
0.670
0.600
0.600
0.600
0.770
0.750
0.750
0.800
1.350
1.320
3.370
3.370
2.230
1.900
1.870
1.730
1.520
2.500
2.100
1.800
2.200
1.900
1.530
1.480
1.250
1.080
1.300
1.800
2.870
2.370
2.200
1.870
4.7470
1.4400
7.430
4.930
3.670
3.330
4.400
3.170
2.500
2.830
2.700
2.670
5.400
3.330
2.600
2.730
2.800
5.130
5.100
7.100
6.200
4.770
3.730
3.700
3.770
3.330
3.130
4.530
4.330
3.170
2.570
2.300
2.600
3.170
2.800
3.330
2.400
1.970
1.630
1.430
1.770
1.730
2.000
1.670
1.370
1.300
1.170
1.330
1.830
1.570
1.270
1.230
1.100
1.100
1.070
1.000
2.530
3.770
3.330
2.570
2.100
1.870
1.920
2.020
1.700
1.530
1.400
1.230
2.420
1.830
1.450
1.830
2.530
7.330
1.0530
5.470
4.170
3.450
2.920
2.670
3.250
3.630
3.020
2.470
2.330
2.050
1.820
1.520
1.280
1.120
1.080
0.980
0.880
0.870
0.800
0.750
0.800
0.750
0.720
0.630
0.600
0.570
0.630
0.780
1.870
1.980
3.270
1.970
1.480
2.730
2.300
5.000
3.330
3.430
3.400
3.370
8.600
5.870
4.670
3.000
2.270
1.930
2.000
1.870
2.420
1.920
1.770
1.670
1.480
1.270
1.050
0.980
0.970
0.880
4.080
3.830
4.970
3.800
2.970
2.430
2.070
2.930
3.400
2.630
2.300
3.770
3.500
2.930
2.330
2.000
1.930
1.870
1.670
1.520
1.430
1.970
1.830
1.630
1.230
0.970
0.930
0.800
0.750
0.730
0.680
0.650
0.600
0.600
0.530
0.520
0.520
0.530
0.520
0.520
0.520
0.520
0.520
0.580
0.620
0.520
0.470
0.550
0.550
0.460
0.460
0.460
0.460
0.450
0.430
0.390
0.350
0.350
0.350
0.350
0.350
0.310
0.310
0.350
0.350
0.350
0.350
0.350
0.340
0.330
0.310
0.310
0.310
0.310
0.310
0.310
0.310
0.420
0.360
0.360
0.470
0.850
1.030
1.580
1.520
0.920
0.770
0.850
0.900
0.800
0.630
0.570
0.500
0.500
0.680
0.500
0.470
0.450
0.470
0.600
0.600
0.420
0.350
0.350
0.280
0.270
0.270
0.270
0.270
0.300
0.300
0.310
0.300
0.300
0.300
0.280
0.400
0.510
3.330
3.330
2.070
0.990
0.680
0.530
0.410
0.380
0.330
0.300
0.310
0.430
1.300
0.630
0.470
0.530
0.540
0.430
0.380
0.330
0.800
2.070
0.630
0.420
0.400
0.390
0.410
0.380
0.350
0.380
0.350
0.310
0.320
1.060
0.720
0.530
0.550
0.450
0.430
0.440
1.080
1.000
0.710
1.680
0.920
0.740
0.680
0.600
0.600
0.580
0.330
0.480
0.450
0.370
0.380
0.400
0.350
0.450
0.420
0.380
0.370
0.830
1.180
0.770
0.650
0.580
0.550
0.470
0.530
0.430
0.430
0.600
0.600
0.580
1.650
1.730
2.230
1.670
1.320
1.170
1.000
1.200
1.800
3.250
2.750
1.680
1.370
1.300
1.270
1.300
3.300
2.230
2.220
1.870
2.180
1.950
1.530
1.380
1.220
1.100
1.280
1.180
1.180
1.030
0.850
0.730
0.720
0.680
0.720
0.720
1.180
2.180
2.330
3.930
4.400
3.700
2.700
2.100
2.580
2.520
2.100
1.700
1.620
1.550
2.020
1.830
2.020
1.820
2.000
1.770
1.500
1.630
1.380
1.270
1.500
2.250
2.880
2.680
3.420
3.100
2.930
2.180
1.850
1.620
1.330
1.270
2.170
3.500
3.2000
1.4130
8.300
5.170
3.770
6.470
6.070
4.000
3.230
3.200
3.170
2.370
2.030
1.730
1.500
1.300
1.500
2.400
1.870
1.370
1.230
1.130
1.570
1.570
1.500
1.370
1.170
1.130
4.330
2.630
2.470
2.700
2.570
1.830
1.600
1.730
1.600
1.500
1.970
4.400
2.430
3.000
3.070
2.070
1.630
1.500
1.370
1.230
1.100
1.000
0.800
0.770
0.670
0.630
0.700
0.630
0.630
0.580
0.540
0.520
0.520
0.520
0.520
0.510
0.440
0.410
0.400
0.400
0.410
0.430
0.440
0.430
0.400
0.400
0.400
0.430
1.220
0.820
1.600
2.280
1.250
1.380
0.970
0.770
1.580
1.600
2.570
1.750
1.370
0.930
0.970
1.830
1.320
0.980
0.900
0.830
0.800
0.800
3.000
3.330
1.630
1.120
1.320
0.930
0.800
0.760
0.650
0.610
0.570
0.540
0.520
0.570
0.480
0.450
0.420
0.410
0.420
0.440
0.600
4.130
8.000
4.270
2.470
1.600
1.530
1.600
1.530
1.130
1.000
1.470
3.670
3.270
2.270
1.680
1.330
1.270
1.080
0.930
0.800
0.870
0.850
0.750
0.650
0.600
0.600
0.550
0.480
0.470
0.450
0.370
0.350
0.350
0.350
0.350
0.330
0.290
0.270
0.270
0.270
0.270
0.270
0.280
0.240
0.240
0.230
0.230
0.230
0.200
0.220
0.200
0.210
0.210
0.200
0.170
0.210
0.420
0.370
0.250
0.240
0.320
0.310
0.260
0.260
1.850
0.650
0.970
0.530
0.380
0.300
0.280
0.260
0.250
0.220
0.210
0.200
0.220
0.210
0.200
0.200
0.180
0.170
0.170
0.170
0.170
0.170
0.170
0.170
0.170
0.170
0.170
0.230
0.190
0.170
0.170
0.170
0.170
0.180
0.380
0.250
0.200
0.350
2.570
0.620
0.620
3.170
0.880
1.070
0.980
1.260
1.050
0.920
0.880
0.650
0.540
0.520
0.540
0.500
0.470
0.470
0.460
0.620
0.520
1.020
1.380
0.740
0.610
0.560
0.520
0.470
0.440
0.390
0.360
0.430
0.350
0.360
0.410
0.460
0.630
0.490
0.540
4.770
3.550
2.580
2.470
1.970
1.990
1.740
1.400
1.230
1.150
1.190
1.070
0.880
0.780
0.720
0.650
0.600
0.540
0.500
0.480
0.540
0.500
0.450
0.410
0.290
0.370
0.450
0.510
1.960
1.270
0.850
0.740
0.630
0.600
0.760
0.670
0.560
0.480
0.460
0.440
0.410
0.450
0.640
0.540
0.490
0.500
0.650
1.010
0.680
0.700
1.490
2.010
2.170
2.500
1.820
2.810
3.970
5.260
3.950
2.630
2.000
1.990
2.040
1.760
2.120
2.270
2.970
2.880
1.2000
1.0330
6.530
4.880
5.140
6.450
6.220
6.170
5.470
5.030
3.920
3.230
2.710
2.270
2.370
2.430
2.790
2.170
1.940
2.350
2.090
1.850
1.850
4.160
3.540
2.400
2.190
2.350
2.400
4.260
4.980
3.690
3.120
3.230
4.540
5.600
4.100
3.770
4.590
5.080
4.770
5.340
4.960
5.810
4.540
4.000
7.120
6.220
4.310
3.740
3.020
2.560
2.970
3.050
2.560
2.090
1.810
1.700
1.600
1.370
1.160
1.420
1.320
1.570
1.480
1.260
1.260
1.140
0.970
1.250
1.380
1.490
2.020
1.490
1.370
1.250
1.490
1.460
1.300
1.230
1.140
0.990
0.900
1.030
1.270
1.100
1.050
1.250
1.070
0.960
0.950
0.950
1.040
0.920
0.900
0.840
0.810
0.940
1.420
1.320
0.970
0.940
0.870
0.770
0.840
4.940
7.970
1.2320
5.070
3.360
2.710
4.900
3.230
2.580
2.970
2.710
3.610
2.0770
9.810
6.320
4.900
3.610
3.100
2.450
1.7940
7.550
6.190
6.770
5.230
5.230
1.2770
1.2190
9.680
7.740
8.130
6.000
5.230
4.450
3.680
3.290
3.290
3.420
1.0520
1.3680
6.260
4.840
4.000
3.290
2.770
3.290
2.710
2.390
2.260
1.740
1.680
1.560
1.370
1.260
1.170
1.170
1.160
1.080
0.990
1.010
1.090
0.870
0.810
0.800
0.750
0.740
0.700
0.670
0.610
0.590
0.590
0.590
0.590
0.590
0.590
0.590
0.590
0.560
0.530
0.520
0.460
0.460
0.310
0.410
0.350
0.350
0.320
0.310
0.310
0.310
0.300
0.280
0.280
0.280
0.300
0.360
0.350
0.300
0.260
0.260
0.260
0.260
0.260
0.260
0.280
0.430
0.340
0.310
0.280
0.260
0.250
0.230
0.320
0.430
0.520
0.560
0.340
0.280
0.250
0.230
0.230
0.230
0.230
0.250
0.310
0.250
0.240
0.380
0.310
0.310
0.300
0.210
0.250
0.230
0.230
0.220
0.220
0.210
0.190
0.170
0.270
0.290
0.230
0.200
0.190
0.340
0.460
0.370
2.740
1.340
0.720
0.630
0.460
0.350
0.310
0.310
0.310
0.310
0.310
0.310
0.310
0.290
0.320
0.410
0.550
0.520
0.480
0.430
0.390
0.330
0.310
0.310
0.320
0.280
0.280
0.280
0.280
0.280
0.290
0.300
0.370
0.300
2.650
0.250
0.250
0.260
0.250
0.250
0.250
0.250
0.250
0.340
0.320
1.270
0.780
1.620
1.240
0.770
0.630
1.450
2.420
1.300
2.180
4.740
2.720
1.430
1.940
1.350
1.080
2.190
1.830
1.430
1.240
1.080
1.000
0.910
0.860
1.220
1.430
1.130
7.650
4.940
4.150
3.500
2.650
2.940
2.490
2.520
1.830
1.570
1.310
1.310
1.410
1.500
1.180
1.260
1.1840
5.820
3.790
3.400
3.210
2.290
3.340
2.940
7.060
3.860
3.140
2.420
3.940
7.520
5.950
3.660
2.810
5.820
7.650
5.100
5.690
4.380
4.250
6.280
6.480
4.190
3.070
2.620
2.490
2.750
2.550
2.550
3.600
4.120
3.070
2.490
3.400
6.670
4.320
4.450
5.100
5.560
5.430
4.120
3.140
6.800
9.680
7.330
4.840
3.860
5.360
6.210
4.840
3.730
2.880
5.230
4.320
3.790
3.390
3.940
1.0160
8.360
5.580
4.360
3.230
2.710
2.580
2.190
1.900
1.940
5.160
3.480
3.810
3.890
8.000
5.160
3.810
3.360
3.160
2.420
2.290
3.000
2.190
2.030
1.870
2.260
2.580
2.000
1.740
1.690
1.680
1.600
1.630
1.480
1.890
2.240
1.660
1.550
1.440
1.160
1.710
1.610
1.360
1.230
1.730
1.690
1.610
1.450
1.230
1.920
1.710
1.520
1.260
1.100
0.970
0.890
0.920
0.840
1.050
0.900
0.770
0.680
0.650
0.610
0.610
0.710
3.450
1.970
1.580
3.290
4.480
6.900
3.390
2.290
2.230
1.740
1.480
1.360
1.680
1.420
1.230
1.190
1.130
1.000
1.100
2.580
1.480
1.260
1.520
1.0190
6.970
3.610
5.810
1.3160
2.2840
1.8840
9.290
5.680
3.740
3.100
2.710
2.320
1.940
2.190
3.480
5.420
3.810
2.650
2.000
2.070
2.320
6.650
5.030
2.520
2.260
1.740
1.740
1.480
1.360
1.160
1.130
0.970
0.970
0.970
0.940
0.850
0.850
0.720
0.660
0.560
0.500
0.600
2.970
1.570
0.810
0.690
0.600
0.500
0.630
2.130
2.600
1.030
0.750
0.660
0.560
0.560
0.600
0.500
0.500
0.780
0.810
2.520
3.260
1.320
1.030
0.900
0.870
0.780
0.710
0.680
0.610
0.580
0.550
0.520
1.230
0.680
0.550
0.480
0.480
0.480
0.480
0.450
0.450
0.450
0.360
0.710
1.230
0.740
0.550
0.480
0.480
0.450
0.450
0.450
0.450
0.910
0.780
0.580
0.520
0.520
0.450
0.650
0.650
0.710
0.650
0.780
0.650
0.520
2.520
2.590
0.970
3.110
1.360
1.160
1.420
0.910
0.910
0.780
0.710
0.710
0.720
0.660
0.660
0.660
0.660
0.660
0.660
0.660
0.450
0.370
0.370
0.370
0.320
0.330
0.320
0.320
0.290
0.280
0.280
0.280
0.250
0.250
0.260
0.370
0.290
0.270
0.250
0.250
0.250
0.250
0.260
0.680
0.490
0.390
3.980
2.230
4.170
3.300
1.460
1.070
1.070
1.260
1.070
1.360
3.100
1.840
1.160
0.970
0.870
5.630
4.270
2.040
1.460
1.160
1.360
1.260
1.360
1.360
1.160
1.750
4.850
6.280
3.300
5.110
4.920
3.170
4.460
4.010
18.620
15.130
8.150
15.910
9.120
7.440
6.730
7.960
5.950
4.920
10.930
7.570
6.410
6.210
5.370
4.210
3.430
3.690
5.560
5.560
5.170
5.630
4.850
3.690
2.980
2.390
2.200
2.060
1.810
3.110
2.780
2.200
2.780
4.330
3.240
3.170
2.850
3.420
2.650
4.080
12.810
5.950
5.240
4.330
4.140
4.080
3.560
5.500
5.370
4.980
3.620
2.980
2.840
3.300
2.880
3.130
3.970
3.260
2.880
2.680
2.420
1.970
1.910
1.870
2.650
3.360
2.290
1.970
1.940
1.840
1.780
1.650
1.550
1.550
1.390
2.710
6.230
6.460
4.260
3.940
5.650
7.460
5.170
5.940
5.040
3.460
2.750
2.360
1.940
1.940
3.130
2.880
3.040
3.040
3.520
6.230
4.170
3.840
3.100
2.970
6.560
5.780
3.970
3.230
2.840
2.650
2.360
1.910
2.290
1.940
1.780
1.780
1.740
1.610
1.420
1.200
1.260
1.100
1.100
1.030
1.070
1.070
1.100
1.230
1.650
2.840
2.030
2.450
2.420
1.840
1.520
1.420
2.070
1.680
1.910
1.620
1.390
1.260
1.160
1.100
0.940
1.070
0.900
0.870
0.740
0.780
1.360
0.870
2.870
1.780
1.420
1.030
0.840
0.780
0.740
0.680
0.650
0.580
0.580
0.580
0.900
0.740
0.740
0.710
0.580
0.580
0.580
0.550
0.520
0.450
0.450
1.030
1.230
0.900
0.970
1.030
1.810
1.620
1.030
0.840
0.780
0.940
0.970
1.160
1.390
1.320
0.900
1.420
4.970
10.690
10.690
34.510
8.910
5.140
3.650
2.870
2.390
2.390
2.520
6.080
7.680
8.090
5.490
4.170
3.260
2.720
2.230
0.170
1.550
1.420
1.390
1.160
1.100
1.100
1.100
1.230
1.200
0.940
0.940
0.900
0.870
0.780
0.740
0.650
0.680
0.650
0.650
0.580
0.550
0.550
0.550
0.550
0.580
0.450
0.450
0.450
0.410
0.410
0.410
