27.802
27.257
26.873
26.873
27.889
27.879
18.943
12.634
12.630
10.060
27.937
28.076
27.939
27.712
17.192
8.940
7.812
7.815
6.892
5.965
5.330
28.122
27.957
25.124
15.246
10.632
8.244
4.958
4.918
4.923
4.923
4.855
4.609
4.260
3.629
3.607
27.771
27.482
27.534
25.254
9.008
8.662
5.790
5.077
4.961
5.232
4.783
4.331
4.034
3.795
3.795
3.738
3.570
3.451
3.253
2.844
2.734
2.604
27.659
27.567
27.479
11.276
8.653
7.913
7.069
5.823
5.028
4.819
4.761
4.512
4.298
4.296
4.125
3.871
3.655
3.092
2.846
2.613
2.358
2.207
2.137
27.493
27.473
27.480
12.412
9.405
7.417
5.847
4.684
4.666
4.681
4.453
4.453
4.148
4.031
3.867
3.750
3.455
3.165
2.753
2.503
2.277
2.178
2.048
27.691
27.074
26.783
12.710
9.265
7.179
5.395
5.065
5.058
5.058
4.568
4.245
3.991
3.812
3.686
3.538
3.145
2.887
2.491
2.276
2.219
2.102
27.208
26.908
11.644
9.492
7.612
5.425
5.425
5.080
5.030
4.623
4.380
4.074
3.889
3.731
3.466
3.087
2.856
2.669
2.490
2.303
2.233
2.124
27.463
27.423
27.282
11.873
8.908
8.908
7.218
5.457
4.853
4.876
4.417
4.247
4.129
3.969
3.685
3.190
2.943
2.709
2.539
2.309
2.235
2.191
2.112
27.515
27.483
27.357
27.357
12.508
9.185
7.367
5.540
4.951
4.658
4.487
4.362
4.201
4.059
3.684
3.274
3.003
2.829
2.617
2.383
2.297
2.251
2.150
27.458
27.430
27.43
17.615
9.60
8.13
7.522
6.524
5.580
5.082
4.92
4.81
4.547
4.400
4.244
4.11
3.91
3.59
3.22
3.04
2.806
2.634
2.422
2.366
2.282
2.189
1.972
1.972
1.513
27.65
27.323
27.253
14.590
9.76
8.26
7.42
6.77
5.28
5.08
4.88
4.72
4.535
4.370
4.218
4.03
3.894
3.61
3.230
3.02
2.75
2.545
2.33
2.236
2.16
1.897
1.59
1.52
1.52
27.17
27.28
27.028
12.54
9.92
8.56
7.867
7.057
5.76
5.115
4.90
4.70
4.618
4.482
4.25
4.084
3.92
3.561
3.198
2.891
2.74
2.64
2.461
2.32
2.24
2.238
2.091
1.74
1.556
27.066
27.040
27.04
21.19
11.35
8.996
8.302
7.18
5.86
5.245
4.973
4.74
4.37
4.16
4.026
3.864
3.570
3.160
2.971
2.784
2.58
2.306
2.10
2.105
1.894
1.735
1.642
1.63
1.65
27.06
26.57
26.505
14.36
10.73
8.548
7.964
7.33
5.384
5.11
4.934
4.803
4.62
4.366
4.112
3.97
3.805
3.61
3.43
3.146
2.865
2.86
2.67
2.49
2.224
2.01
1.935
1.755
1.66
26.614
4.989
4.989
4.989
4.989
4.989
4.989
4.989
4.989
4.989
4.989
4.989
4.989
4.989
4.989
4.989
4.989
4.989
4.989
4.989
4.989
4.989
4.989
26.716
26.036
12.350
9.93
8.436
7.582
6.886
5.788
5.21
4.972
4.74
4.542
4.407
4.254
4.08
3.902
3.567
3.27
3.26
3.044
2.83
2.65
2.533
2.38
2.21
2.06
1.871
1.77
26.606
27.265
25.936
11.42
9.819
8.751
8.02
7.43
6.029
5.240
5.059
4.855
4.631
4.43
4.270
4.00
3.843
3.59
3.59
3.113
2.864
2.664
2.53
2.441
2.33
2.24
2.13
2.160
26.956
26.973
26.632
10.651
9.328
8.060
5.452
5.069
4.944
4.824
4.522
4.522
4.370
4.157
3.995
3.874
3.509
3.210
2.914
2.717
2.530
2.463
2.264
26.896
27.106
26.980
10.362
7.607
7.015
5.538
4.841
4.841
4.712
4.640
4.495
4.236
4.047
3.880
3.569
3.354
3.155
2.926
2.751
2.529
2.408
2.203
27.224
27.470
26.480
11.268
10.254
7.465
5.941
5.941
5.030
4.885
4.742
4.495
4.395
4.312
4.133
3.971
3.642
3.209
2.872
2.679
2.526
2.389
2.291
3.607
3.607
3.607
3.607
3.607
3.607
3.607
3.607
3.607
3.607
3.607
3.607
3.607
3.607
3.607
3.607
3.607
3.607
3.607
3.607
3.607
3.607
27.560
27.753
24.167
12.188
12.188
10.841
7.927
5.212
4.644
4.689
4.531
4.377
4.251
4.080
3.934
3.623
3.205
2.844
2.650
2.510
2.369
2.266
2.193
27.760
27.911
24.507
12.290
11.089
7.384
5.888
5.163
4.668
4.705
4.536
4.377
4.202
4.107
3.981
3.981
3.674
3.391
3.151
2.852
2.670
2.530
2.411
28.100
28.303
24.834
12.968
11.241
7.391
5.141
4.562
4.560
4.524
4.497
4.168
3.996
3.844
3.574
3.135
2.892
2.704
2.547
2.402
2.355
2.240
2.238
28.608
28.45
27.52
13.863
11.94
8.06
6.815
6.19
4.923
4.61
4.56
4.58
4.47
4.44
4.067
3.92
3.84
3.590
3.22
2.912
2.70
2.548
2.49
2.401
2.319
2.32
1.800
1.10
0.970
28.48
28.610
28.30
14.80
12.88
9.08
6.89
5.785
4.940
4.65
4.51
4.53
4.476
4.438
4.17
4.002
3.819
3.537
3.29
2.888
2.684
2.58
2.434
2.43
2.33
2.28
1.738
1.11
0.950
28.677
28.165
17.373
12.923
9.03
6.75
5.843
4.825
4.59
4.487
4.52
4.468
4.353
4.133
3.927
3.719
3.54
3.242
2.89
2.74
2.74
2.59
2.455
2.390
2.30
1.658
1.10
1.01
28.822
28.977
28.851
12.862
11.412
8.149
6.961
6.055
4.708
4.564
4.47
4.530
4.518
4.48
4.144
3.924
3.803
3.634
3.33
3.337
3.125
2.888
2.724
2.56
2.54
2.452
2.23
2.03
1.449
28.738
28.780
27.154
13.113
10.887
7.241
4.743
4.343
4.536
4.538
4.379
4.379
4.108
4.016
3.909
3.743
3.261
2.870
2.755
2.639
2.393
2.331
2.233
28.713
27.273
12.380
9.353
6.028
5.322
4.364
4.412
4.405
4.324
4.481
4.545
4.490
4.407
4.057
3.989
3.822
3.708
3.622
3.421
3.306
3.086
28.759
28.777
25.505
16.473
10.733
6.845
4.726
4.733
4.110
4.271
4.467
4.504
4.302
4.088
3.869
3.821
3.773
3.592
3.179
2.994
2.840
2.719
2.632
28.438
28.103
27.885
23.060
19.353
13.415
9.935
9.774
28.553
28.162
25.838
23.301
21.983
28.485
27.390
11.546
9.430
6.340
5.878
28.400
28.569
27.017
11.613
9.004
6.535
6.041
5.143
4.690
4.547
4.781
4.489
4.331
4.167
3.891
3.675
3.427
3.246
3.067
2.937
2.785
2.787
2.696
29.000
29.077
25.722
12.601
6.335
5.198
4.727
4.624
4.671
4.580
4.334
4.256
4.033
3.795
3.417
3.053
2.868
2.782
2.545
2.545
2.454
2.422
2.322
28.604
3.039
3.039
3.039
3.039
3.039
3.039
3.039
3.039
3.039
3.039
3.039
3.039
3.039
3.039
3.039
3.039
3.039
3.039
3.039
3.039
3.039
28.505
28.068
24.332
13.013
7.493
5.206
4.575
4.664
4.599
4.461
4.229
4.106
4.079
4.039
3.694
3.293
3.293
2.984
2.776
2.522
2.303
2.260
1.862
27.748
27.732
27.482
11.392
7.450
5.485
4.707
4.646
4.758
4.378
4.113
4.052
3.944
3.601
3.367
3.228
2.927
2.927
2.738
2.530
2.453
2.364
27.844
27.856
27.825
10.472
7.147
5.252
4.670
4.660
4.591
4.328
4.262
4.266
4.101
3.976
3.722
3.505
3.236
2.899
2.733
2.565
2.377
2.332
2.286
27.857
27.747
27.80
12.751
10.160
8.354
7.708
5.73
4.689
4.706
4.77
4.53
4.37
4.270
4.217
4.217
3.95
3.60
3.31
3.098
2.902
2.73
2.58
2.423
2.28
2.126
1.84
1.482
1.416
27.495
27.286
27.295
14.27
10.31
8.126
7.42
6.30
5.200
4.987
4.887
4.55
4.377
4.37
4.226
4.01
3.840
3.51
3.25
3.088
2.864
2.68
2.527
2.416
2.318
2.269
2.178
1.72
1.599
27.276
27.175
26.985
14.59
10.778
8.632
7.56
6.42
5.350
5.119
4.924
4.92
4.69
4.505
4.35
4.239
4.028
3.82
3.51
3.26
3.083
2.87
2.66
2.508
2.35
2.288
2.24
1.95
1.602
27.088
27.217
27.243
10.778
10.778
8.263
6.896
5.840
5.319
5.159
4.892
4.632
4.479
4.220
4.020
3.834
3.531
3.078
2.933
2.746
2.582
2.228
2.008
4.957
4.957
4.957
4.957
4.957
4.957
4.957
4.957
4.957
4.957
4.957
4.957
4.957
4.957
4.957
4.957
4.957
4.957
4.957
4.957
4.957
4.957
27.645
27.650
27.646
9.222
7.017
5.511
4.994
4.720
4.903
4.964
4.776
4.340
4.120
4.111
3.826
3.586
3.258
3.060
2.779
2.545
2.351
2.209
2.137
27.853
28.325
27.682
11.759
6.798
4.862
4.936
4.932
4.940
4.492
4.321
4.189
4.058
3.822
3.650
3.309
3.074
2.817
2.602
28.122
28.004
27.611
10.004
7.529
5.064
4.737
4.987
4.828
4.673
4.422
4.334
4.127
18.327
17.758
17.536
16.769
16.334
16.209
15.606
15.336
15.016
14.835
14.088
13.895
13.419
12.83
11.028
18.398
18.416
18.315
17.435
16.814
16.177
15.607
15.211
14.737
14.518
14.16
13.702
13.245
12.609
11.965
11.206
10.836
10.206
9.992
19.034
18.694
7.502
19.554
19.559
19.548
19.548
19.512
19.486
19.447
19.388
19.342
18.706
17.963
17.
15.921
15.059
14.109
13.375
12.742
11.925
11.199
10.448
9.782
8.88
8.409
7.989
7.5
7.237
6.908
6.51
5.84
5.243
4.458
3.956
3.507
3.08
20.566
20.568
20.578
20.583
17.71
16.401
15.297
13.759
12.196
11.515
9.044
8.291
7.368
6.32
4.242
3.267
2.902
2.66
20.469
20.521
20.526
20.528
19.832
16.706
15.538
13.804
13.145
12.364
11.651
11.134
10.64
10.282
9.691
9.3
8.735
8.275
7.929
7.591
6.602
5.957
5.591
5.309
4.533
4.147
3.763
3.327
3.072
2.81
2.587
2.516
20.701
20.705
20.222
16.305
14.368
12.998
12.008
10.894
9.675
8.906
7.587
7.097
6.229
4.135
3.096
2.704
2.457
21.02
21.327
21.322
21.39
19.035
17.867
17.224
14.786
13.599
12.191
11.164
8.961
7.298
6.729
6.204
4.26
3.317
2.743
2.469
21.04
21.029
21.03
14.316
13.609
12.307
10.937
9.858
8.824
8.34
7.733
7.015
6.555
5.485
4.735
4.39
3.986
3.289
3.109
2.906
2.748
2.63
2.446
20.71
21.438
21.232
18.943
17.884
16.585
15.542
14.064
12.418
10.98
8.501
7.393
5.793
4.376
3.27
2.726
2.548
2.414
20.578
21.434
21.817
21.816
17.549
15.18
13.663
12.303
9.674
7.755
5.417
4.488
3.819
3.389
2.765
2.475
2.393
21.912
21.93
21.924
19.788
19.31
18.148
16.786
16.551
15.65
14.723
13.994
13.232
12.58
11.725
11.142
9.792
8.733
7.865
7.394
7.017
6.632
5.723
4.91
4.342
3.881
3.614
3.391
3.175
2.966
2.797
2.646
2.55
2.472
2.42
2.393
2.401
21.973
21.986
16.75
11.333
8.868
7.164
4.141
2.916
2.44
2.411
22.014
22.256
22.186
18.022
15.779
12.518
7.342
4.545
2.778
2.389
2.431
22.034
22.042
22.056
21.886
19.855
16.933
15.232
14.347
12.65
11.834
10.639
9.548
8.482
7.701
6.995
5.351
4.688
3.909
3.773
3.305
3.052
2.862
2.695
2.553
2.475
2.426
2.392
2.382
2.399
2.435
22.276
22.265
22.262
16.812
15.209
11.978
7.424
5.567
3.883
2.895
2.386
2.451
22.051
19.901
14.
11.171
8.743
5.455
3.13
2.541
2.389
2.463
22.639
22.638
22.644
22.494
19.753
18.406
17.821
17.103
16.539
16.029
15.183
14.377
13.429
12.593
11.965
11.351
10.138
9.038
7.922
6.785
5.971
5.262
4.635
4.229
3.849
3.504
3.186
2.957
2.777
2.6
2.498
2.42
2.379
2.386
2.42
2.467
22.624
22.551
22.252
17.989
16.807
16.157
14.276
12.686
10.827
7.985
6.875
5.012
3.733
3.05
2.657
2.413
2.398
2.482
22.482
22.496
19.644
17.542
15.278
11.493
8.041
5.852
4.141
2.73
2.465
22.567
22.576
18.173
16.447
14.879
11.557
8.885
6.53
4.221
2.829
2.393
2.494
22.483
22.316
22.267
20.238
18.313
17.953
17.586
17.236
16.433
15.39
14.441
13.367
12.184
11.212
9.915
9.311
8.383
7.86
7.094
6.367
5.778
5.12
4.552
4.092
3.6
3.228
2.947
2.724
2.598
2.47
2.414
2.385
2.383
2.4
2.433
2.471
22.954
22.916
22.895
20.26
18.38
17.465
16.794
15.389
13.482
11.865
10.294
6.952
5.409
3.845
3.232
2.827
2.389
2.484
22.709
20.411
16.408
13.844
6.89
3.94
2.696
2.395
2.526
23.078
22.931
22.767
20.537
18.824
17.793
16.984
15.262
13.171
11.804
8.977
6.599
5.458
3.931
3.223
2.686
2.437
2.511
23.214
23.041
20.049
18.543
17.753
16.977
16.614
16.103
15.287
14.309
13.403
12.329
11.362
10.179
9.202
7.93
7.111
6.137
5.57
4.953
4.021
3.593
3.346
3.072
2.886
2.74
2.554
2.438
2.398
2.39
2.4
2.423
2.464
2.526
22.664
22.685
19.421
18.046
17.241
16.467
15.029
12.965
11.651
9.309
7.004
3.806
2.717
2.431
2.386
2.525
23.025
22.968
22.939
20.591
18.737
17.866
17.701
16.937
15.863
13.128
10.528
8.271
6.618
5.503
4.489
2.864
2.39
23.216
23.134
22.928
18.375
17.568
16.933
15.179
13.025
11.653
8.474
6.84
4.869
3.654
2.967
2.683
2.486
2.4
2.385
23.345
23.237
22.644
20.06
18.772
18.209
17.619
17.075
16.525
15.577
14.671
13.753
12.759
12.01
10.703
9.488
8.137
7.192
6.553
5.636
5.179
4.77
4.144
3.953
3.62
3.28
3.077
2.9
2.769
2.589
2.499
2.445
2.405
2.391
2.401
2.433
23.817
22.632
20.133
18.774
17.752
16.733
15.184
13.338
11.764
9.291
6.426
5.199
3.872
2.737
2.441
2.418
24.064
23.989
21.163
19.125
17.642
16.729
14.951
12.685
10.293
8.037
5.865
4.711
3.84
2.74
2.43
2.41
23.388
22.877
19.898
18.355
17.884
16.988
15.285
13.467
10.856
7.152
4.971
4.017
2.648
2.414
2.382
24.164
24.183
22.756
20.58
19.499
18.543
18.026
17.7
17.259
16.474
15.688
14.748
13.882
12.317
11.055
9.375
8.329
6.863
5.83
5.224
5.007
4.435
3.884
3.101
2.839
2.573
2.458
2.389
2.406
24.238
22.339
21.233
19.953
18.628
17.828
17.204
15.655
13.74
12.3
9.216
7.387
4.908
3.563
2.848
2.463
2.393
2.435
23.481
22.965
18.603
17.987
17.261
15.466
14.038
10.878
8.08
5.991
4.792
3.551
3.125
2.59
2.382
23.564
23.443
21.401
19.052
16.873
13.499
9.406
6.827
5.054
3.736
2.747
2.427
2.467
24.192
24.215
23.946
21.521
19.857
19.216
18.412
17.668
17.196
16.534
15.47
14.539
14.167
13.168
12.443
11.164
10.014
8.7
7.42
5.75
5.158
4.662
4.201
3.892
3.334
2.993
2.663
2.485
2.431
2.422
24.144
24.137
24.13
21.707
19.706
18.444
17.477
15.639
13.868
12.128
10.253
9.554
6.613
4.881
3.756
3.016
2.7
2.463
24.051
23.811
19.938
17.481
14.611
10.133
6.614
5.465
4.772
4.008
3.07
2.526
24.306
24.286
23.981
20.914
19.443
18.369
17.209
15.541
11.989
9.473
7.051
5.309
4.711
3.725
3.055
2.629
2.542
24.03
24.045
22.748
20.254
19.241
18.34
17.899
17.683
17.516
16.645
16.04
14.772
14.107
13.363
12.531
10.746
9.117
8.55
8.033
5.305
4.476
3.591
2.755
2.574
24.282
24.229
21.584
19.448
18.22
17.475
16.035
14.001
12.572
9.201
7.018
4.82
2.978
2.563
24.339
24.18
24.188
18.557
17.716
16.942
15.413
12.056
9.034
7.575
6.677
5.63
4.809
3.747
2.719
24.178
24.187
24.172
21.437
17.412
15.941
14.416
11.724
8.426
7.133
6.365
5.843
5.499
5.011
4.56
4.121
3.719
3.412
3.088
2.855
24.137
19.746
17.932
16.722
12.378
9.006
7.807
6.121
3.768
2.672
24.03
24.024
23.995
24.194
22.919
18.517
16.55
12.948
6.358
5.363
4.854
4.502
3.618
2.774
2.573
2.356
19.474
18.79
18.187
17.871
17.61
16.676
15.626
14.766
13.941
12.464
10.93
9.392
7.877
6.201
5.83
5.395
5.019
4.878
4.581
4.112
3.728
3.4
3.124
2.964
2.856
2.76
2.64
2.558
2.444
2.37
2.345
24.138
24.122
21.3
18.639
17.758
16.012
12.271
9.051
6.696
4.788
3.533
2.689
2.442
2.225
23.619
24.321
21.624
18.998
18.2
17.854
16.594
15.018
10.088
6.462
5.313
4.35
3.496
3.106
2.818
2.59
2.344
2.257
2.163
24.578
24.586
22.699
19.908
19.336
18.714
18.393
18.23
18.006
17.631
15.709
14.711
12.829
11.065
9.211
8.223
7.666
7.198
6.661
5.71
5.131
4.759
4.282
3.681
3.209
2.912
2.602
2.327
2.196
2.136
24.858
24.46
21.129
19.508
18.367
17.746
16.011
14.082
12.97
8.412
6.063
4.742
3.527
2.717
2.234
2.13
23.414
24.072
19.515
18.063
17.369
11.715
6.335
4.888
3.622
3.129
2.735
2.261
2.112
24.327
24.312
24.239
21.279
19.363
18.711
18.362
18.191
18.066
17.677
16.861
16.073
15.238
13.835
12.951
12.13
10.185
8.241
7.149
6.45
5.525
5.007
4.504
3.915
3.186
2.809
2.474
2.229
2.106
2.059
24.385
24.462
24.476
21.607
19.585
18.984
18.582
18.316
18.011
17.283
16.43
15.788
14.694
13.979
11.947
10.287
9.612
8.76
7.17
5.86
5.239
4.614
4.215
3.769
3.331
3.09
2.945
2.771
2.629
2.403
2.251
2.131
2.074
2.055
2.083
24.45
23.64
23.025
20.341
18.734
18.191
17.79
16.309
13.502
9.726
6.211
4.681
3.807
2.758
2.268
2.019
23.724
23.692
23.193
20.675
18.937
18.398
18.249
18.067
17.871
17.398
16.47
15.396
14.394
12.88
10.744
9.043
8.292
7.463
6.583
5.568
4.879
4.476
4.126
3.763
3.102
2.729
2.33
2.134
2.028
2.077
24.146
24.121
23.132
20.843
19.198
18.681
18.136
15.32
11.369
9.732
8.36
6.276
4.774
3.412
2.998
2.66
2.294
2.073
2.159
23.907
23.608
22.966
20.359
19.07
18.38
17.882
16.837
14.047
9.098
6.721
3.908
2.927
2.341
2.149
2.122
24.612
24.474
24.181
21.834
19.496
19.012
18.556
18.3
18.146
17.72
16.717
15.582
14.309
12.841
10.547
9.922
9.326
7.958
6.961
5.801
4.963
4.489
4.167
3.745
3.411
3.128
2.932
2.8
2.614
2.485
2.365
2.294
2.248
2.13
2.006
2.056
23.745
22.638
20.377
18.78
18.219
17.608
15.949
11.165
6.503
4.925
3.768
2.816
2.329
2.232
2.069
24.202
23.89
23.188
19.773
18.361
17.953
17.652
15.102
11.248
9.436
8.194
6.995
5.801
4.48
3.805
3.148
2.715
2.373
2.282
2.234
2.064
24.413
24.415
23.433
22.238
20.669
19.636
18.904
18.485
18.255
17.951
17.482
16.493
15.641
13.799
11.744
10.12
8.315
7.221
5.684
4.995
4.513
4.155
3.796
3.439
3.24
3.105
2.922
2.79
2.621
2.356
2.299
2.272
2.178
2.032
2.066
24.307
22.193
20.489
18.922
18.115
17.157
14.159
9.54
7.31
5.572
3.562
2.587
2.055
24.875
24.974
23.64
22.044
19.133
18.145
16.045
11.708
8.051
6.241
4.117
3.617
2.976
2.723
2.358
2.252
2.06
24.046
23.194
21.363
18.912
18.56
18.404
18.228
18.041
17.675
17.067
15.265
14.153
13.048
9.595
8.757
7.797
7.897
6.458
4.779
4.44
3.665
3.068
2.36
2.169
2.065
23.81
23.062
21.026
19.881
18.451
17.299
14.979
10.246
8.087
6.722
5.435
3.691
2.905
2.359
2.067
23.883
2.179
2.076
2.062
24.998
24.372
23.689
21.738
19.015
16.583
11.65
8.199
7.094
6.33
4.558
3.663
2.897
2.351
2.078
24.874
24.712
21.334
19.707
19.133
18.691
18.233
17.905
16.961
14.967
12.813
8.812
7.92
7.425
6.421
6.125
5.246
4.477
4.006
3.722
3.449
3.193
2.84
2.417
2.328
2.184
2.089
2.088
24.552
23.69
20.938
19.711
19.105
18.65
18.447
18.267
17.946
17.369
15.444
14.487
11.438
8.648
7.231
6.492
5.795
4.91
4.313
3.947
3.741
3.521
3.346
3.199
2.99
2.814
2.418
2.322
2.285
2.051
2.074
24.298
24.785
24.016
22.231
19.351
14.938
10.649
8.359
7.158
6.004
4.622
3.529
2.914
2.33
2.065
23.98
23.463
21.851
19.532
19.053
18.638
18.442
18.225
17.786
17.096
15.017
13.634
12.361
10.962
10.05
8.093
7.4
6.43
5.224
4.569
4.26
3.885
3.596
3.291
3.025
2.832
2.398
2.321
2.273
2.194
2.064
23.904
24.269
24.296
24.075
22.029
20.121
18.493
17.939
13.032
9.111
7.645
5.873
4.588
3.748
3.281
3.09
2.794
2.512
2.378
2.324
2.294
2.068
24.281
23.654
23.298
21.784
18.62
17.564
13.893
10.285
8.907
8.203
5.865
4.421
3.615
23.775
23.684
23.436
22.704
21.57
19.928
19.489
19.197
18.36
18.085
16.329
14.369
12.438
9.485
8.627
7.848
6.747
5.597
4.63
4.094
3.863
3.588
3.348
3.132
2.905
2.737
2.43
2.353
2.306
2.238
2.105
23.716
23.265
23.231
23.145
21.541
20.058
18.681
18.287
17.694
15.847
11.939
9.906
6.964
5.341
4.602
3.88
3.532
3.292
2.918
2.636
2.489
2.385
2.322
2.299
23.14
23.071
22.289
18.729
17.898
15.719
11.902
10.069
8.924
4.398
23.201
23.124
22.105
20.473
19.502
19.178
18.766
18.553
18.348
18.098
17.253
14.39
11.513
9.565
7.902
6.904
5.343
4.487
4.047
3.824
3.644
3.379
3.283
3.142
2.932
2.548
2.4
2.295
2.28
2.193
23.575
23.837
23.486
23.022
19.123
18.358
18.073
17.277
15.597
10.657
8.753
7.36
6.148
4.263
3.757
3.578
3.374
3.015
2.685
2.469
2.366
2.312
2.283
2.097
22.271
21.917
21.247
19.673
18.368
13.644
10.567
8.629
7.257
4.669
3.661
21.985
21.308
21.193
20.972
19.958
19.496
18.974
18.708
18.33
18.144
17.603
16.364
14.532
10.174
8.508
7.409
5.513
4.672
4.149
3.873
3.707
3.514
3.3
3.149
2.824
2.465
2.36
2.27
2.244
2.212
21.938
22.293
21.635
21.217
19.337
18.507
17.872
17.219
14.633
11.431
9.428
7.598
6.701
4.509
3.844
3.434
3.047
2.663
2.49
2.35
2.279
2.232
2.188
22.181
21.583
20.168
18.521
17.023
11.187
8.927
7.317
4.501
3.168
2.336
2.136
22.376
21.924
21.255
20.48
19.551
19.084
18.691
18.357
18.098
16.905
16.238
15.164
12.312
9.839
6.872
5.622
4.777
4.211
3.859
3.751
3.531
3.335
2.907
2.426
2.267
2.207
2.162
22.439
22.425
21.886
21.675
21.169
19.135
18.637
18.204
16.13
14.031
12.439
9.879
7.609
5.728
4.264
3.951
3.561
3.35
2.954
2.619
2.454
2.34
2.267
2.251
2.215
22.363
21.662
19.372
19.002
18.729
13.62
11.58
9.479
7.39
4.085
2.739
2.188
23.095
22.034
20.481
19.659
19.291
18.901
18.707
18.541
18.245
18.134
17.445
16.616
14.542
10.298
8.174
6.955
5.782
4.767
4.191
3.882
3.737
3.539
3.36
3.134
2.773
2.495
2.398
2.28
2.253
2.209
22.888
22.773
22.161
21.955
21.773
21.613
20.105
19.514
18.217
17.204
15.232
13.104
8.552
7.453
5.759
4.188
3.566
2.954
2.36
2.293
2.21
22.647
22.167
22.071
21.97
21.554
20.318
19.943
18.696
18.457
18.121
17.89
17.037
13.602
11.336
9.513
7.732
6.601
5.954
4.828
4.182
3.974
3.755
3.587
3.079
2.637
2.455
2.301
2.268
2.188
23.579
23.302
22.849
21.823
20.107
18.664
18.175
17.227
10.877
8.872
7.125
5.923
4.037
3.809
3.802
3.295
3.051
2.759
2.487
2.394
2.318
2.295
2.305
23.253
23.36
23.361
23.126
22.952
22.713
20.009
18.635
17.829
13.586
9.358
7.788
6.62
4.83
3.995
3.526
3.284
3.131
2.83
2.305
24.154
24.12
23.753
23.298
23.097
22.932
20.014
18.666
18.137
15.578
12.591
10.196
7.925
6.698
6.542
6.035
5.291
4.906
4.332
24.098
24.098
24.085
24.062
23.996
23.361
23.23
23.003
22.878
21.668
19.273
18.723
18.444
18.165
17.92
17.642
17.504
17.155
26.089
26.092
25.423
25.089
23.047
20.759
19.263
18.361
16.793
15.547
26.275
26.487
26.454
25.33
25.16
25.125
24.562
22.69
21.03
18.445
17.816
17.674
16.992
16.01
15.761
13.804
11.614
10.526
9.4
8.193
7.522
7.036
6.624
26.589
25.932
23.971
23.873
21.71
21.28
20.329
19.141
15.556
12.692
11.019
9.89
9.084
23.327