1693.5
2038.6
1952.7
1143.7
1219.4
1411.8
864.8
1064.2
2062.8
1745.3
1454.2
1048.3
1264.5
1510.4
1510.9
754.5
2177.3
1387.5
1334.6
1966.0
1604.3
1704.4
1226.9
1415.7
1427.2
1531.5
1278.5
1669.1
1520.0
1629.6
1710.9
1234.3
1084.2
1176.1
1486.5
1438.1
1546.7
1296.8
1277.8
1559.8
1478.0
1461.3
1817.0
1215.0
1562.9
1246.0
1289.9
1707.7
1722.5
1084.5
1002.0
1193.6
1186.6
1002.4
1410.1
1445.3
1139.1
1074.6
1262.0
1200.9
1321.0
1304.4
1539.3
1729.6
1471.2
1646.4
1665.2
1614.3
1056.0
1255.5
1305.3
1336.1
1219.3
1659.5
1440.9
1323.0
1699.9
1460.6
1344.8
1375.3
1869.5
1445.0
1401.2
1355.6
1047.7
1424.5
1257.2
1681.3
1556.6
960.9
1476.3
1929.2
1606.0
1135.4
1278.7
1431.0
1449.9
1389.8
1683.0
1406.3
